0 0.01823 0.03307 0.02907 0.01169 0.00353 0.00738 0.03381 0.02603 0.01177 0.03002 0.02524 0.00705 0.02912 0.01845 0.02609 0.0039 0.00355 0.02656 0.01444 0.0253 0.01807 0.03605 0.01831 0.03258 0.02558 0.00746 0.02188 0.01436 0.0379 0.02625 0.03683 0.03309 0.02637 0.03751 0.00403 0.0107 0.01769 0.02934 0.0145 0.02892 0.01386 0.01445 0.0217 0.00377 0.00353 0.03387 0.00712 0.01446 0.00702 0.0185
0 0.0190285138 0.0131842902 0.0336506685 0.0192836188 0.0282586765 0.0255684783 0.0163151242 0.0264845372 0.0163499113 0.0130915247 0.0281427197 0.0222869004 0.0226927492 0.0121986572 0.0059717761 0.0121870615 0.00969399 0.0221013695 0.0289544174 0.0319113162 0.0123725924 0.0195155324 0.0267976206 0.022043391 0.0126856759 0.0284094203 0.0125117406 0.0032815779 0.0160716149 0.0318765292 0.0263917717 0.0291051612 0.0164310811 0.0336042858 0.0031424298 0.0288848433 0.0029221118 0.0264381544 0.0294646274 0.0257772006 0.0031192384 0.0091953756 0.0062500725 0.015630979 0.0190748965 0.0297429237 0.0309488746 0.0191792576 0.019712659 0.0320620601
0 0.0124362245 0.0082819586 0.0204347364 0.0368923611 0.0242789824 0.0377249858 0.0168562217 0.0044022817 0.0164753401 0.0044111395 0.0122590703 0.0360951672 0.0281763747 0.0040302579 0.0116124575 0.0158730159 0.0320560516 0.0246067177 0.042144983 0.0410377693 0.0041542659 0.0082110969 0.0038531037 0.0335441468 0.0081933815 0.0247395833 0.0211522109 0.0364937642 0.0082288124 0.0327823838 0.0294696003 0.0162627551 0.0280169359 0.0364406179 0.0163513322 0.0079542234 0.0288407029 0.0078833617 0.0080693736 0.012542517 0.0158907313 0.0165462018 0.0167322137 0.0287255527 0.0203815901 0.0374415391 0.0078656463 0.0040834042 0.0245801446 0.0244827098
0 0.0073882994 0.026545313 0.0194295727 0.0310328044 0.0112333301 0.0345176677 0.0038060936 0.0119828677 0.0148252701 0.0303222038 0.0118368539 0.0037866251 0.0117881826 0.0188747201 0.0354034849 0.0159933807 0.0377981116 0.011574029 0.0111359875 0.0313540348 0.0356565755 0.0192932931 0.0033875207 0.0112430643 0.015165969 0.0264771732 0.007485642 0.0301080502 0.0074953762 0.0270612285 0.0375060839 0.030555826 0.0070183977 0.0257471041 0.0297868198 0.0038352964 0.0038255622 0.018602161 0.0192640903 0.0039813102 0.0361822253 0.0118952594 0.0376034265 0.0309354619 0.0327557675 0.0194587754 0.0189039229 0.0148934099 0.0268860119 0.0263603621
0 0.0188188089 0.0350261971 0.0152705929 0.0310800504 0.0037886324 0.0226571827 0.0226571827 0.0266945218 0.0236188487 0.0077762303 0.0270510015 0.0040373392 0.0037306009 0.0154778485 0.0042114339 0.027291418 0.0227649556 0.0305163152 0.0235856878 0.0114405094 0.0039544369 0.0040456294 0.0038135031 0.0156933943 0.0113410267 0.016199098 0.031768139 0.0340396604 0.0308562144 0.0039129858 0.0223670248 0.0229390503 0.011722377 0.0394117257 0.0273991909 0.0189514524 0.0309391166 0.01146538 0.0111420613 0.0039875978 0.0381350312 0.0395775302 0.0036145377 0.0270841624 0.0303670911 0.0350179069 0.0230716939 0.0234364637 0.0269515188 0.0192996419
0 0.0301219745 0.0332952163 0.0073470555 0.0147036402 0.0298932723 0.030255384 0.0107680579 0.0334000381 0.0183819325 0.0307318468 0.0297598628 0.0035829998 0.0305507909 0.0360110539 0.0374976177 0.014770345 0.0108347627 0.0333809796 0.0147417572 0.0071945874 0.0149895178 0.0378216123 0.0036878216 0.0293405756 0.0359348199 0.0075566991 0.0304269106 0.0110253478 0.021879169 0.0149990471 0.0068610635 0.0190394511 0.0220697541 0.0223365733 0.0183438155 0.030255384 0.0037831142 0.0224413951 0.0038307604 0.014922813 0.0107108824 0.0329998094 0.0072612922 0.0146845817 0.0259386316 0.011444635 0.007966457 0.0299885649 0.0266533257 0.0035829998
0 0.0037807562 0.0072014403 0.0072214443 0.0218743749 0.0215543109 0.0326165233 0.0286857371 0.0036407281 0.0143228646 0.0149029806 0.0176335267 0.0328065613 0.0321964393 0.0216143229 0.0070914183 0.0140428086 0.0330466093 0.026025205 0.0361772354 0.0288457692 0.0174334867 0.0139227846 0.0069613923 0.0288057612 0.0112322464 0.0105321064 0.0111022204 0.0036707341 0.0184736947 0.0363172635 0.0321764353 0.0148729746 0.0297959592 0.0178835767 0.0220744149 0.0334866973 0.0181536307 0.0357671534 0.0143628726 0.0113422685 0.0358771754 0.0146229246 0.0327265453 0.0363072615 0.0111422284 0.0177035407 0.0221944389 0.0073514703 0.0212242448 0.0072014403
0 0.0067216014 0.0165063204 0.0172828854 0.0339013762 0.003365115 0.003503171 0.0139263989 0.0351266232 0.0242115708 0.0208291988 0.0173864274 0.003572199 0.0207083998 0.0345657707 0.0343414297 0.0103024289 0.0309072868 0.0276457138 0.0345053712 0.0314508823 0.0171620864 0.0306484318 0.0273696018 0.0208895983 0.0138401139 0.003382372 0.0348073687 0.0278269123 0.0174899694 0.0241597998 0.0034082575 0.0351611372 0.0138401139 0.0275508003 0.0310625998 0.0141334829 0.0208637128 0.0097760904 0.0313732258 0.0067216014 0.003365115 0.0034427715 0.0354199922 0.0164027784 0.0232796928 0.0278700548 0.0100435739 0.0343845722 0.0032702015 0.0102938004
0 0.0110775898 0.0299356454 0.0291230397 0.0223139647 0.0305988063 0.0112643957 0.0184657631 0.0334662769 0.0180641305 0.0339613125 0.0258912976 0.0224914303 0.0039042433 0.0184003811 0.0074348748 0.0075189374 0.0260687633 0.0104891512 0.0073414718 0.0330179427 0.0220897976 0.0151779793 0.0298142215 0.0111056107 0.0071826868 0.0071920271 0.0075562986 0.0152433614 0.0077524448 0.0038575418 0.0372677769 0.0333168321 0.0327937756 0.0336624231 0.0368661442 0.0109468257 0.007220048 0.0220804573 0.0183163184 0.0224727497 0.0186152079 0.0368194428 0.0226875765 0.0259006379 0.0111990137 0.0375106246 0.0112550554 0.0037267777 0.0267319242 0.0228090003
0 0.0038588063 0.0115088897 0.0199307344 0.0078044357 0.0274843477 0.0310537435 0.0147888751 0.0154545191 0.0266161163 0.0339382012 0.0076693775 0.0230949556 0.0080456111 0.0270116439 0.033185734 0.0081131402 0.01105548 0.0231046026 0.0308608032 0.0231238966 0.0112484203 0.0115957129 0.0114317136 0.0340732594 0.0346134923 0.015377343 0.033214675 0.0153001669 0.0190914441 0.0341311415 0.0389932374 0.0309765674 0.038742415 0.0038009242 0.0114124196 0.0377487724 0.016004399 0.0077947887 0.0275518768 0.0232300138 0.0157342826 0.0082771395 0.0076114954 0.0271756432 0.0116246539 0.007987729 0.0080263171 0.030735392 0.023326484 0.0154641662
0 0.0077259873 0.0233629628 0.0235479637 0.0084131333 0.0196981843 0.0194603261 0.0358813528 0.0197598513 0.0231074855 0.0313796658 0.0040259706 0.0356699233 0.0158748337 0.0240853471 0.0199800904 0.0277325064 0.031414904 0.0039731132 0.015769119 0.0402244677 0.0157162616 0.0198831852 0.0078757499 0.0355377798 0.0349827773 0.0116991005 0.0241558236 0.0322782413 0.0242615383 0.0395813695 0.0120514831 0.0041757332 0.0202531869 0.0074352717 0.0240324897 0.0083074185 0.0120074353 0.0120426735 0.0122629126 0.0228431986 0.0038145411 0.0158131668 0.01958366 0.0311946649 0.0315822857 0.0075586056 0.0037881124 0.0037704932 0.0315910953 0.0388325566
0 0.0299382556 0.0172434667 0.0199501894 0.0342534461 0.0271969422 0.0298258358 0.0170705132 0.0237378716 0.0306127743 0.0231584773 0.0297480067 0.006840312 0.0205036407 0.0202355627 0.0205295837 0.0036147287 0.0067711306 0.0141389509 0.0063560421 0.006572234 0.029445338 0.0340891402 0.0298690742 0.010368564 0.0241097217 0.0267126723 0.0270758747 0.0343745136 0.023461146 0.0205901174 0.0327746934 0.0064857573 0.0097978173 0.0302063336 0.0266261955 0.0096508068 0.0298431312 0.0035023089 0.0239454159 0.0136027949 0.0101869628 0.0204085162 0.0201231429 0.0236340995 0.0336567564 0.0068230167 0.013386603 0.0034244798 0.0301457998 0.0033812415
0 0.0313422334 0.0176631304 0.0240869176 0.0243793233 0.0072644535 0.013907545 0.0067161929 0.013030328 0.0069446348 0.0034723174 0.0344855945 0.0303736396 0.0339921599 0.0341383627 0.0307208714 0.0238676133 0.0237762366 0.0334804499 0.0342297395 0.0103164378 0.030364502 0.0103621262 0.0106545318 0.026992699 0.0067710189 0.0342937032 0.0351069565 0.0206146002 0.0034174913 0.0032530131 0.0311777552 0.0033078392 0.0340012976 0.003115948 0.0282080101 0.0342937032 0.0245072507 0.0069811855 0.0067801566 0.0243062218 0.0162924788 0.0244707 0.0314061972 0.0069629102 0.0316072261 0.0101885103 0.0102798871 0.0136973784 0.0175534783 0.0208430421
0 0.0108398993 0.0073005372 0.0036743787 0.0329440356 0.0189891119 0.008014196 0.0333297972 0.0383446972 0.0151025643 0.021776239 0.0036936668 0.0032789731 0.0337444908 0.02653075 0.022277729 0.0191916367 0.0256434985 0.0143406853 0.018757655 0.02201734 0.0112449489 0.0183140292 0.0261642766 0.0335516101 0.0374092255 0.0298482993 0.0188444513 0.0181983007 0.0151700726 0.0289224716 0.0149096836 0.0258170912 0.0114281857 0.0306680425 0.0320857162 0.0291153523 0.0183043851 0.0038769035 0.0308319912 0.0268586473 0.0184876219 0.0148711074 0.0178896915 0.029279301 0.0148132432 0.0038672595 0.0145335661 0.0302437049 0.0073294693 0.0073294693
0 0.0151418069 0.028808215 0.0164654504 0.0321468317 0.0223248912 0.0064074461 0.0191970458 0.0031699997 0.0227295721 0.025267258 0.0230836678 0.0126547061 0.0322058476 0.0160186153 0.0129919401 0.0136664081 0.0131942805 0.0280915928 0.0185057161 0.0066856642 0.0192392001 0.0062219674 0.0195089873 0.0194921256 0.0159680302 0.0161872323 0.0281759013 0.028976832 0.0158162749 0.01586686 0.0282939332 0.018792365 0.0161956632 0.0098135096 0.0222743061 0.0230668061 0.0260176036 0.0321552625 0.0133123124 0.0164570195 0.0285047044 0.0259585877 0.0259080026 0.0223417529 0.0320793849 0.0154959026 0.0321215391 0.0315482413 0.0126209827 0.012831754
0 0.026069221 0.0065907836 0.0263542279 0.0065017189 0.0297475908 0.0226669517 0.0163968008 0.0226669517 0.0196832861 0.033434867 0.0065907836 0.0328292275 0.0096902332 0.02332603 0.0263542279 0.0303621368 0.0335239317 0.0165838365 0.0333101765 0.0162542974 0.0202087675 0.0134398546 0.006368122 0.033817845 0.0131370349 0.0202265805 0.0129589056 0.0068401646 0.016476959 0.0067689129 0.0266036089 0.0298811878 0.0030549173 0.0299257201 0.0094319457 0.0131637543 0.0289994478 0.0323839042 0.012852028 0.0337109674 0.0169846274 0.0328025081 0.0171538503 0.0202711128 0.029827749 0.0034646146 0.0031707013 0.0341384777 0.0262295374 0.0067689129
0 0.0278418159 0.0281176726 0.006985084 0.0243541999 0.029181691 0.0351126086 0.014354397 0.0255167386 0.0285413095 0.032669307 0.0183444661 0.0280585604 0.0253196981 0.014393805 0.0321668539 0.0180489054 0.0035762842 0.0255167386 0.0213887411 0.0070047881 0.0245019803 0.010452996 0.0325510827 0.0242852358 0.0253492542 0.0210439203 0.0362160352 0.0038225848 0.0033792438 0.0111721937 0.0101968434 0.0109751532 0.0146893657 0.0174774881 0.0297432563 0.0034383559 0.0139800201 0.0037142125 0.0210045122 0.0352209809 0.0250635455 0.014827294 0.0247384288 0.0068471557 0.0295560679 0.0355066895 0.0276447755 0.0141869126 0.0145514374 0.0073693129
0 0.0068336913 0.0099321383 0.0176782557 0.014237649 0.0317543293 0.0202729675 0.0304142034 0.0173551048 0.0033170491 0.0172220427 0.021346969 0.0104073602 0.0101507404 0.0135533294 0.0242173095 0.0245024426 0.0346246697 0.0208337294 0.0347957496 0.0102172715 0.0066721159 0.0317163115 0.0352044405 0.0246355048 0.0136198605 0.0317068071 0.0314311784 0.0346341742 0.0311460452 0.023751592 0.0339118368 0.0339308457 0.0106734845 0.0304617256 0.0207196761 0.0320679757 0.0170889806 0.0036687133 0.0173456004 0.0039823598 0.0105214135 0.0035166423 0.0069382402 0.0304807345 0.0132872051 0.0241792917 0.0104929002 0.0105689357 0.0343110232 0.0136673827
0 0.0032470283 0.006917582 0.0166869018 0.0131763466 0.0134022268 0.0064564098 0.0133551684 0.0268044536 0.0193409944 0.025515054 0.0034352618 0.0266821018 0.0343243828 0.0194539346 0.0159433794 0.0064093514 0.0066446433 0.0105599006 0.0266632785 0.016592785 0.0098069665 0.0171763089 0.0260515195 0.0099199066 0.0234727203 0.0276044461 0.0300985402 0.0197174615 0.0307950043 0.0172139556 0.0100140234 0.0265126916 0.026531515 0.0338914457 0.0337596823 0.0339573275 0.0195951097 0.0236891888 0.0200280468 0.0289597274 0.023510367 0.0331102766 0.0298067783 0.0230115481 0.012959878 0.0198680483 0.0134586969 0.0230209598 0.0206115707 0.0202351037
0 0.0068645973 0.0226027339 0.0104635954 0.0232695316 0.0139685579 0.0065311984 0.0137206459 0.0311343256 0.0336134454 0.0032485018 0.0335792506 0.0131051403 0.0067192696 0.0271420878 0.0175419099 0.0341691102 0.0229532301 0.0134385392 0.0264581926 0.0272874155 0.0034023782 0.0298178274 0.0310317413 0.0136266104 0.0237995503 0.016661395 0.0231669473 0.0304162357 0.0136864512 0.0240218163 0.0229361327 0.019850056 0.0100960018 0.0338186139 0.0271164417 0.0304675278 0.0099421254 0.0300913855 0.0036588389 0.012840131 0.0164049343 0.0067876591 0.0103439138 0.0303307488 0.0196106927 0.0237739043 0.0272703181 0.0297323405 0.016934953 0.0205510485
0 0.0038228039 0.00741806 0.0182766436 0.036571491 0.0105673223 0.0316018459 0.0293172654 0.0214987212 0.0145812664 0.0110588257 0.0361619048 0.0070266777 0.0145812664 0.0040594537 0.0321843684 0.0212711733 0.0291807367 0.0218992054 0.0258039266 0.0315563363 0.0361072934 0.0105218127 0.032748687 0.0361072934 0.0035042369 0.011450208 0.0033404025 0.0067627222 0.0149271392 0.0248391237 0.0115412271 0.0366534082 0.0332583942 0.024484149 0.0321752665 0.0035133389 0.0356430957 0.0282432396 0.0074726715 0.0181765225 0.0110952333 0.0259586591 0.0035588484 0.0146176741 0.0106765453 0.0347055986 0.0144265339 0.0144083301 0.0334404325 0.0172026177
0 0.0198580543 0.0199195027 0.0405251785 0.0291572361 0.0399004537 0.0079780425 0.0083467325 0.0123408744 0.0125559436 0.0322194115 0.0357834151 0.0409143513 0.0081111805 0.0292494086 0.0167344305 0.0318814457 0.00412728 0.0157717399 0.0043525906 0.0042399353 0.0041989697 0.0122794261 0.008070215 0.0123613572 0.0240058171 0.0330899296 0.0081316633 0.027446924 0.0320862735 0.0119926672 0.0208309863 0.0118902533 0.0204827791 0.0410577307 0.0243028174 0.0331104124 0.0083262497 0.0248148869 0.0076400766 0.0077834561 0.021138228 0.0213532972 0.0160687402 0.0280716488 0.0235756787 0.0406480751 0.0323013426 0.0081419047 0.0128119783 0.008019008
0 0.003885876 0.0289177081 0.0218439047 0.0147418062 0.037660929 0.0036500825 0.0258429616 0.0145908984 0.011186041 0.0379061542 0.0113841075 0.0256543268 0.0325866541 0.0297948597 0.0284555529 0.0296533836 0.0112803584 0.0223154916 0.0078660693 0.0367554822 0.0222023108 0.0265031832 0.0294553171 0.0257769394 0.0149210092 0.0189012025 0.0077906154 0.0370195709 0.0300117897 0.0039990568 0.0267012497 0.0258901203 0.0113841075 0.0181749587 0.0250978543 0.0150153266 0.0263145485 0.0033011082 0.0076302759 0.0035651969 0.0339825513 0.0070643716 0.0146097618 0.0260598915 0.0144777175 0.0074133459 0.0250978543 0.014713511 0.0374345673 0.0035180382
0 0.0203953322 0.0398380567 0.0319314122 0.0074684449 0.0119361753 0.0043534175 0.0271778995 0.0237294594 0.0118313884 0.0111740891 0.0388092403 0.0361419386 0.0115265539 0.0244629674 0.0120504882 0.0360276256 0.0042676828 0.0119361753 0.0402572041 0.0040676352 0.0326649202 0.0039056918 0.0040581091 0.0366944511 0.0071921886 0.0120790664 0.008097166 0.011907597 0.0157561324 0.0038771136 0.0350654918 0.0232055251 0.0233388902 0.0120028578 0.0284924982 0.0122219576 0.0160323887 0.0038675875 0.0082591093 0.0267587521 0.0355036914 0.0396665873 0.0358561562 0.0242724458 0.0077161229 0.0237389855 0.0350178614 0.0315884734 0.0239961896 0.0077828054
0 0.0084855938 0.0124560787 0.0127459592 0.0206781448 0.0211173577 0.037464863 0.0418569923 0.0169711876 0.0287772312 0.038281799 0.0086085734 0.0247716093 0.0252547435 0.0161630358 0.0296117358 0.012737175 0.0205200281 0.0038475053 0.0083713985 0.0121837667 0.0041022488 0.0424718904 0.0343815882 0.028838721 0.0170063247 0.0038914266 0.0085822207 0.0216092762 0.0345836261 0.0203004216 0.0430428672 0.0042252284 0.0042427969 0.0290231904 0.0333099086 0.0039089951 0.0041022488 0.0082659874 0.0166286015 0.0291373858 0.0417252284 0.0215917077 0.008424104 0.0254392129 0.0250263528 0.0043745608 0.0336788475 0.0212403373 0.0042427969 0.0216971188
0 0.006154859 0.022035792 0.0118907488 0.0091973745 0.0155417673 0.0190930311 0.0314825529 0.0032120982 0.0131975341 0.0222253257 0.0309438781 0.0095165892 0.0309339026 0.019003252 0.0312830437 0.031332921 0.0101949205 0.0161502703 0.0310835345 0.0283602338 0.0314227002 0.0309339026 0.0126089819 0.0224747122 0.0027831534 0.0267442092 0.0219559883 0.0311034854 0.0218362827 0.0089180616 0.0123994972 0.0307643198 0.027691878 0.0195419269 0.0183548471 0.0125192028 0.0097959021 0.0242004669 0.0306745406 0.0183149452 0.0256967859 0.0029726872 0.0032919019 0.0219360373 0.0315424057 0.0308840253 0.0285198412 0.0154120863 0.0123196936 0.0195519023
0 0.0093967896 0.0033320699 0.0271237538 0.0310552436 0.0194635191 0.022910184 0.0033585148 0.0034114048 0.0065142847 0.022963074 0.0098110946 0.0161490793 0.0324215685 0.0174713292 0.0335322585 0.0234655289 0.022945444 0.0267006338 0.022963074 0.0306233086 0.0268681188 0.023165819 0.0329063935 0.0299798137 0.0331267685 0.0326595735 0.022857294 0.0132313144 0.0098816146 0.0169247992 0.0065671747 0.0210502191 0.023174634 0.0201510891 0.0104105145 0.0336380385 0.0294597287 0.0169865042 0.0067699197 0.0337526335 0.0264361838 0.0207593241 0.0064966547 0.0169247992 0.0065319147 0.0198954541 0.0298740337 0.0065936197 0.0269827138 0.0103311795
0 0.0129605081 0.0269319168 0.0141716814 0.0032901952 0.0265504449 0.0070381567 0.0198365393 0.0228978514 0.0334932336 0.0065231697 0.0195504354 0.0260545314 0.0131607809 0.0167180064 0.006647148 0.0197030241 0.0030899225 0.0303842376 0.0230695137 0.0034523208 0.0167752272 0.0236417216 0.0265981289 0.0334836968 0.0069523255 0.0064278017 0.0131226337 0.0299646185 0.0333597185 0.0234414488 0.0341035887 0.0239468991 0.0133324432 0.0304319216 0.0306035839 0.0097752177 0.0300218393 0.0337030432 0.0062084553 0.0340749783 0.0139046511 0.0072861135 0.0164795865 0.0240804143 0.0333311081 0.0163651449 0.026731644 0.0297166617 0.0098610489 0.0267507176
0 0.0373831776 0.0113484646 0.0290603922 0.0224368422 0.0295805663 0.0036065403 0.0038406187 0.0037365838 0.0114351603 0.0330830718 0.01445217 0.0262081043 0.0153711442 0.0290864009 0.0152064224 0.0038059404 0.0155792138 0.0104728382 0.0104121513 0.0178679798 0.0114958473 0.003693236 0.0111924124 0.0373658384 0.0341927765 0.0035892012 0.0291904357 0.0224368422 0.0300140447 0.019168415 0.0375652385 0.0298579925 0.0071610632 0.0227316075 0.0108542992 0.0337766372 0.0146515701 0.0292597923 0.0107155861 0.032979037 0.0180066929 0.0150330311 0.0260087042 0.0379033517 0.0116258908 0.0368630035 0.0036672273 0.0215698854 0.0382241257 0.0152324311
0 0.0195059694 0.0165514331 0.0233046589 0.025143707 0.0400771797 0.0326506412 0.0156067854 0.0119789364 0.0043514089 0.0194456727 0.0392129276 0.0117980464 0.0149033244 0.0317059935 0.0114764642 0.0282690839 0.0040398762 0.0123306669 0.024440246 0.0318969329 0.0083410379 0.0078285163 0.0152550549 0.0208023475 0.0238171805 0.0038288379 0.0079491096 0.0257868714 0.0116774531 0.0316858946 0.0205812598 0.0203400732 0.0041604695 0.0203099248 0.0279274028 0.0119186397 0.0081199502 0.0247819271 0.0396953009 0.003627849 0.027364634 0.0359368091 0.0361679463 0.0039293323 0.0197270571 0.0241287133 0.019566266 0.0244703943 0.0159183181 0.0356654741
0 0.0265035474 0.0305848543 0.0034227096 0.0315827288 0.0345563949 0.0065460569 0.026912676 0.0267131011 0.017313123 0.0264935687 0.024877012 0.0337181803 0.0034526459 0.013790626 0.0342670113 0.0306846417 0.0069551855 0.0101882989 0.0310239191 0.01057747 0.0346561823 0.0344366499 0.0067256743 0.0337980102 0.0203666191 0.0141199246 0.0093800206 0.0139303284 0.0201770229 0.0103379801 0.0167842495 0.0035324758 0.0309939828 0.0173231018 0.0167742708 0.0073343778 0.0137307535 0.0101783202 0.0313133027 0.0166245896 0.0135211998 0.0172632293 0.0098290641 0.0104776825 0.0307345354 0.0303054494 0.0243581172 0.0238691587 0.0168141858 0.0301457895
0 0.0147584863 0.0356970377 0.0255715537 0.0182209598 0.0105347598 0.0359180466 0.014578405 0.0105347598 0.0325292428 0.0210204065 0.007399707 0.0357379652 0.014832156 0.0145211064 0.0315469808 0.0068676484 0.0217325464 0.014087274 0.0216506913 0.0358198204 0.0247775586 0.0243519117 0.0105511308 0.0143901381 0.0034297314 0.035369617 0.0105265743 0.0139481202 0.003691668 0.0113860535 0.0144392512 0.0183273715 0.0179917654 0.0149140111 0.0282236611 0.0143737671 0.0151759477 0.0214378678 0.0352140922 0.024753002 0.0144965498 0.0323164193 0.0255715537 0.0212987141 0.0325865414 0.0242373145 0.0071377704 0.0073014808 0.0221008947 0.0321199669
0 0.0066230066 0.0142172642 0.0205165205 0.027019277 0.0072242572 0.0134402634 0.0305620306 0.0136807637 0.0296185296 0.0102120102 0.0034132534 0.0330595331 0.0267140267 0.0236800237 0.0341695342 0.0034502535 0.0298867799 0.0291282791 0.0034410034 0.0267232767 0.0266585267 0.0336977837 0.01002701 0.003024753 0.0101010101 0.0164742665 0.0031080031 0.0300717801 0.0100640101 0.0243090243 0.0124597625 0.0175380175 0.02995153 0.0166592667 0.0295260295 0.0269267769 0.0344100344 0.0335035335 0.012987013 0.0067340067 0.0133385133 0.0244847745 0.0273060273 0.0205257705 0.0272227772 0.0105265105 0.0298867799 0.0303215303 0.0065490065 0.0348262848
0 0.0116787207 0.0387573231 0.0036257466 0.0350361621 0.0185867221 0.0152949259 0.0226799992 0.018758468 0.0189397554 0.0193595787 0.0265824476 0.0079003111 0.0038070339 0.0345877144 0.0082628857 0.0185199321 0.0145888594 0.034969372 0.0115642234 0.0228422037 0.0341488083 0.0119554224 0.0159151194 0.0037020781 0.0387096159 0.0265251989 0.0081102227 0.0399500029 0.0037879511 0.0189302139 0.0119554224 0.0037593268 0.0348453333 0.0153521745 0.0235482701 0.0188061752 0.0364482949 0.0307138904 0.0194740759 0.0117550522 0.034969372 0.0343205542 0.012012671 0.0107818255 0.007594985 0.0199702307 0.0191782913 0.0189302139 0.0316966586 0.0158101635
0 0.0101832653 0.0033442579 0.0175991572 0.0280750451 0.0070981874 0.0176576818 0.0360260183 0.0137198181 0.0203414487 0.0142465387 0.0071149087 0.0217293158 0.0322720888 0.0283342251 0.0105176911 0.0175991572 0.0109106414 0.0213363655 0.0177998127 0.0312771721 0.0035198314 0.0356748712 0.0238278376 0.0103839208 0.0033609792 0.0035198314 0.0102250686 0.0209517758 0.0071149087 0.017181125 0.0346047087 0.0280165206 0.024806033 0.0314527456 0.0315447127 0.0174068624 0.0279914387 0.0240034111 0.0277155374 0.0274647181 0.0281084877 0.0312938934 0.0210521035 0.0204919403 0.0243378369 0.0311350411 0.0104675273 0.0307420908 0.0034863889 0.0209350545
0 0.0161101717 0.0221672598 0.0066291464 0.0318586006 0.0097502292 0.0235469298 0.0330195425 0.0133592442 0.0035248887 0.0063935929 0.0256753233 0.0252294543 0.0296208431 0.013275118 0.0317744744 0.0033902868 0.032674625 0.0296629062 0.0286281537 0.0326914503 0.0264240466 0.0099100691 0.0329690668 0.0158493804 0.0187349099 0.0327671639 0.0323297075 0.0064861318 0.0164635018 0.0062001026 0.0221504345 0.0262305563 0.0034239373 0.0162279484 0.0097838797 0.0292591004 0.0317155861 0.0135359093 0.0193153808 0.0329017658 0.0091781709 0.0222345607 0.0032893353 0.0066291464 0.029334814 0.0186507836 0.0234375657 0.019222842 0.0161017591 0.0302602024
0 0.008862123 0.0255679593 0.0334214649 0.0093321582 0.0089208774 0.0262730121 0.0252643948 0.0293576185 0.0043184489 0.0132687035 0.0384449667 0.0341363102 0.012279671 0.0172248335 0.0173423423 0.0175577752 0.0298864081 0.0124853114 0.0132001567 0.021435566 0.0123580102 0.0041030161 0.0039365452 0.0080199765 0.0375538582 0.0296318057 0.0127986682 0.0335291814 0.0301116334 0.0041715629 0.0382491187 0.0132687035 0.0380238935 0.0255483745 0.0256854681 0.0165883275 0.0085781434 0.0081962397 0.0377986682 0.0263219741 0.0042499021 0.034155895 0.0078241285 0.0388562476 0.0122013318 0.0173815119 0.026341559 0.0123873874 0.0165589503 0.0169898159
0 0.0280156474 0.0282116857 0.028666138 0.0313750301 0.0200760985 0.017910767 0.0315710683 0.0346007503 0.0272938702 0.0112187341 0.0350641134 0.0032970069 0.0340482789 0.0281225774 0.0271691186 0.02041471 0.0311255269 0.0273473352 0.013678123 0.007155396 0.0071108418 0.0356344065 0.0318205715 0.0076009374 0.0172959197 0.0346809478 0.010283097 0.003599975 0.0035108668 0.0101672563 0.0345829286 0.0030920578 0.0243889399 0.0178127478 0.0204325317 0.02772159 0.0246651756 0.0104613136 0.0243978507 0.0174474038 0.0032435419 0.0036356184 0.0210741114 0.0276770359 0.0213949012 0.0063623321 0.0071375743 0.0351532217 0.0036356184 0.0176167096
0 0.0333722221 0.0321773329 0.0369474813 0.0256665977 0.0038669251 0.0224488644 0.0244999341 0.0228628418 0.0334663079 0.018478445 0.0187795194 0.0104623375 0.021969027 0.0144233483 0.0182526391 0.0367593098 0.0294206198 0.0294770713 0.0143010368 0.0266356811 0.0305026062 0.0365899554 0.0365711382 0.0038292908 0.0109233577 0.0260899836 0.0073480985 0.0296370171 0.0296934686 0.0329017933 0.0038198822 0.0328735675 0.0037163879 0.0040550966 0.0150819487 0.0176975331 0.0366934497 0.0183937678 0.0035282163 0.0072916471 0.0041021395 0.0219031669 0.00747041 0.0183184991 0.0182714563 0.0190523681 0.0038386994 0.033974371 0.0040739138 0.0074892272
0 0.0135909829 0.0129574183 0.0105355665 0.0295629426 0.0029736662 0.0298490686 0.0263031505 0.0331497358 0.0029123535 0.026701683 0.0255060853 0.0306052586 0.0328329535 0.0264359946 0.0330782044 0.0202945054 0.0344781778 0.0032597921 0.0169325254 0.0105253477 0.0168609939 0.0296038177 0.0140917034 0.0202331927 0.029021347 0.0205704125 0.0133866073 0.0269571526 0.0304621956 0.0033824176 0.0263644632 0.0171675574 0.0242082997 0.0297877559 0.0298899437 0.0268651836 0.0101983466 0.0337219878 0.0137033896 0.0034130739 0.0033108861 0.0100041897 0.0168609939 0.0033926363 0.0169631817 0.0163091795 0.0178317784 0.0296140365 0.0198550976 0.023482766
0 0.032687616 0.0245424414 0.008436768 0.0120428059 0.0125190751 0.0359340221 0.0393553843 0.0287316661 0.0193229202 0.020343497 0.0158237999 0.0039365104 0.0078827406 0.021354354 0.0206253706 0.0285761496 0.0240856118 0.0367602033 0.0163195086 0.0150850967 0.0084659273 0.0162903492 0.0123927179 0.0162514701 0.032250226 0.0165722228 0.0369837582 0.0118970092 0.0042281038 0.0121983224 0.0085436855 0.0126259926 0.0163195086 0.0246299194 0.0280901607 0.0207225684 0.0281970782 0.0203629365 0.0245230019 0.0398899721 0.0191674037 0.0119553279 0.0078924604 0.0120622455 0.0330278083 0.0042572631 0.0041114664 0.0237065404 0.0318614348 0.0361575771
0 0.0264529172 0.0272407149 0.0234725742 0.030363431 0.0135349336 0.0029233938 0.0033600046 0.034084114 0.0132217128 0.0139620528 0.0202644343 0.0201790104 0.0241274903 0.012889509 0.0303159733 0.0265763072 0.0136108659 0.0130034075 0.0165722259 0.029252921 0.0100420475 0.0035213607 0.0303349564 0.0267186803 0.034207504 0.0296135995 0.0264529172 0.0305247872 0.0106305229 0.0031511907 0.0169898535 0.0244502026 0.0305532618 0.0099945898 0.0207864689 0.0109057775 0.0289776664 0.0064637376 0.0032366146 0.033713944 0.0232732519 0.0270698672 0.0235200319 0.0137152728 0.0033884792 0.0238522357 0.0198752812 0.0275729187 0.0307715671 0.0202834173
0 0.0155275119 0.0280153958 0.0294552196 0.0335017833 0.0318172835 0.0063427534 0.0289658677 0.0218702653 0.0196775924 0.0031807873 0.0193011679 0.0256815637 0.0159227577 0.0315443757 0.0311961831 0.0256345106 0.0222561004 0.0131089843 0.0160639169 0.0031901979 0.0099940713 0.0101258199 0.0159509895 0.0310926663 0.0197340561 0.0259262396 0.0283071248 0.0153957633 0.0291070269 0.0293140604 0.0190941344 0.0031243236 0.0253710134 0.006399217 0.0091941692 0.0191129556 0.003406642 0.0161674336 0.0094482557 0.0060792562 0.0327207024 0.0319678533 0.0159980426 0.0190659025 0.0297469486 0.0322878142 0.0224349021 0.032560722 0.0191411874 0.0094764876
0 0.01567579 0.0160220038 0.028004847 0.0037698832 0.0080013849 0.0201188667 0.0239176011 0.0041834164 0.0199938451 0.0356023158 0.02271547 0.0201284838 0.0194649074 0.0408051394 0.012329057 0.0039910754 0.0079532996 0.0081456406 0.033101883 0.0318420496 0.0238214306 0.0235617703 0.0327749033 0.0123002058 0.016060472 0.0319093689 0.0281010175 0.0040872459 0.0196764825 0.0153584274 0.0237925795 0.01978227 0.0120886307 0.0080783212 0.0276490162 0.0200515474 0.0327460522 0.0325440942 0.0396126253 0.0078571291 0.0154161297 0.0195226097 0.016050855 0.0116847147 0.0285818699 0.0363909138 0.0163778346 0.0124733127 0.0318131984 0.0040680118
0 0.0038638421 0.0231202991 0.0115915264 0.0388177181 0.0116094561 0.0312514008 0.0038010883 0.0317982554 0.0146485338 0.0226272334 0.0380646723 0.0116184209 0.0117259989 0.003872807 0.0040521036 0.0300232189 0.0227975652 0.0195612612 0.0391763113 0.0310541745 0.018987512 0.0041865761 0.0306507571 0.0080145589 0.0149802325 0.0348731925 0.0226630927 0.0079966292 0.0153657203 0.0272799806 0.0077007898 0.0152402126 0.0305073198 0.0340842873 0.0038459125 0.0239988525 0.00371144 0.0394542211 0.0039176311 0.0158408563 0.003765229 0.0151774588 0.0228961783 0.0121652756 0.0392390651 0.0119142604 0.0393825024 0.0301935507 0.0265269348 0.0303638825
0 0.015140485 0.0191011041 0.0075052433 0.0144384934 0.0260863536 0.0150104865 0.0037786213 0.0112058655 0.0297783093 0.0336175966 0.0113531971 0.0109632018 0.0076005755 0.0376822145 0.0112578649 0.0151318184 0.0035012913 0.0072365798 0.0154784809 0.0110845337 0.0188411072 0.007609242 0.0265716811 0.0184337788 0.0219870695 0.0338949266 0.0381415423 0.0218830707 0.0035619573 0.0339295928 0.025999688 0.015140485 0.0077392405 0.026831678 0.0223770648 0.0152704834 0.0257656908 0.0375002167 0.0302376371 0.0293796474 0.0224030645 0.0037092888 0.0379162117 0.0261210199 0.0037959544 0.0379162117 0.0334529319 0.0036572894 0.0293189815 0.0336609294
0 0.0042227431 0.0376710825 0.0041964058 0.0041700686 0.0426312694 0.0126506712 0.0123872984 0.003827684 0.0374603843 0.0288480954 0.0334658976 0.021438542 0.0041261731 0.0250204114 0.0086035099 0.0252398887 0.0295416436 0.0082435671 0.0038628004 0.0043544295 0.0333342112 0.0382066071 0.0310516474 0.0040471613 0.0119922393 0.0249062832 0.0041964058 0.0419903957 0.0425346994 0.0295328645 0.017329927 0.0129491603 0.0043017549 0.0086737426 0.033501014 0.0124838684 0.0383207353 0.0084718235 0.0078748453 0.0082172298 0.0391371909 0.0337995031 0.0302790873 0.0087000799 0.0126506712 0.0127384621 0.0422186521 0.0376798616 0.0125102057 0.004407104
0 0.0348618801 0.0311445908 0.0172490092 0.0073165695 0.0282730339 0.0105814903 0.0280075133 0.0253523066 0.0133743743 0.0212318192 0.0314986183 0.0275256424 0.035451926 0.0285188864 0.0032550867 0.0243787308 0.0145643003 0.0174751935 0.0350093916 0.0181832486 0.0139644202 0.0254113112 0.011151868 0.0353142486 0.0067658599 0.0174751935 0.0164819495 0.0034025982 0.0276633198 0.0139054156 0.0034419346 0.0037369575 0.0245164082 0.0172785115 0.0143479501 0.0242803898 0.032068996 0.0322951803 0.0063823301 0.0035107733 0.0103848083 0.0212613215 0.0272404535 0.0315871252 0.0208581235 0.0075525878 0.0249589426 0.0233658186 0.031960821 0.0141807704
0 0.0206653808 0.0035375577 0.0240429484 0.0177144533 0.0135547122 0.0069151253 0.0305047686 0.0274382927 0.0354555717 0.0318202423 0.0347978348 0.0278827095 0.0109682064 0.0072173287 0.0036175527 0.0106482263 0.010639338 0.021412001 0.0174478032 0.0208253709 0.0138746922 0.0035908877 0.003413121 0.0313402722 0.0182833068 0.0245140302 0.0245229186 0.0314202672 0.0138746922 0.0208787009 0.0214919961 0.0276960545 0.0251717671 0.0179277734 0.0102038095 0.0033775676 0.0311180638 0.0065507035 0.035331135 0.0351089266 0.0218653062 0.007119557 0.0245851369 0.0320691157 0.034460078 0.0357133334 0.0068884603 0.0144257691 0.0174566916 0.0286204414
0 0.0207768989 0.0365153321 0.0121808069 0.0282081843 0.0200725972 0.0084967674 0.0279372991 0.0248221187 0.0043522231 0.0199913317 0.0123162495 0.0368494239 0.0084425904 0.0200545382 0.0204608661 0.0075757576 0.0242803482 0.028948604 0.0373099288 0.004316105 0.0244970564 0.0318380467 0.0124336331 0.0120905118 0.0163253512 0.0282984794 0.0215263481 0.019855889 0.0079820855 0.0163163217 0.0243435547 0.0168942103 0.0329486763 0.0166684726 0.0172553906 0.008523856 0.024117817 0.0401632535 0.0250207679 0.0199371546 0.0365514501 0.0082620002 0.0280546827 0.0205421317 0.0123162495 0.0039007476 0.0084967674 0.0208220464 0.0159099939 0.0241990826
0 0.0181488914 0.0037394156 0.0255200431 0.0297391219 0.0173559787 0.0108168959 0.0357691743 0.0142039058 0.0354167686 0.003621947 0.0213303314 0.0109441535 0.0104644902 0.03591601 0.0255200431 0.0211737066 0.0257354021 0.0282316088 0.0253438402 0.0109539425 0.0074984093 0.0073711517 0.0256473007 0.0069110665 0.0071264255 0.0291028339 0.0068425432 0.0257354021 0.0178356419 0.0143017963 0.0257451911 0.0334883266 0.0037687827 0.0286721159 0.0036806813 0.0229944692 0.0256473007 0.0222505017 0.0362977828 0.0111595125 0.0216044246 0.007439675 0.0294552396 0.0070481132 0.0215554794 0.0290832558 0.0248152318 0.029748911 0.0248837551 0.0323430082
1 0 0 0 0 0 0
0 0.0525980308 0.2180638552 0.2695691765 0.1353366342 0.2442775027 0.0801548005
0 0.1475731868 0.1480599402 0.1666261039 0.1863048467 0.1670954732 0.1843404492
0 0.0905927342 0.2217017208 0.1775525813 0.2002294455 0.0894646272 0.220458891
0 0.2023181611 0.2280474702 0.1346698574 0.0223839292 0.1835156606 0.2290649215
0 0.2225328932 0.2234119154 0.0442690556 0.1994445328 0.1569241703 0.1534174327
0 0.1066995325 0.1426817771 0.2853733747 0.0710413639 0.3584279373 0.0357760145
0 0.1424089807 0.0711281816 0.320538909 0.1799443794 0.0708907768 0.2150887724
0 0.0375480121 0.1477994628 0.2947280611 0.1112506531 0.2217954477 0.1868783631
0 0.1408576082 0.0360714421 0.0346793439 0.1433008826 0.3233929316 0.3216977916
0 0.2344597341 0.2670668316 0.0661655956 0.1980816302 0.1332220483 0.1010041602
0 0.0373121657 0.1858901435 0.222183547 0.036064182 0.2604974955 0.2580524663
0 0.1768864328 0.09020607 0.2230077063 0.1769492316 0.1784205191 0.1545300403
0 0.199537546 0.0667431106 0.0989537925 0.2338614912 0.0676244267 0.3332796331
0 0.0852789526 0.1425757488 0.1422281444 0.2598094797 0.2849694191 0.0851382555
0 0.2137895437 0.0710211366 0.1071965985 0.3210736282 0.1442119261 0.1427071669
0 0.1471054565 0.1858057156 0.146612398 0.1508372327 0.148168916 0.2214702811
0 0.02495547 0.250095588 0.1485671121 0.2256437038 0.0992530145 0.2514851116
0 0.2218158308 0.1651242265 0.0537914473 0.222702503 0.057384317 0.2791816754
0 0.1143725291 0.0565231624 0.1445814482 0.1408966148 0.257963521 0.2856627244
0 0.1412656689 0.2330168267 0.209600701 0.1153282192 0.1159451389 0.1848434455
0 0.3335915259 0.0830307115 0.1261254011 0.248277319 0.1241436892 0.0848313533
0 0.200442814 0.2792414726 0.0399458989 0.0405202601 0.2407685324 0.199081022
0 0.1709191544 0.1735931262 0.1441981357 0.071991548 0.1965462756 0.2427517601
0 0.2449081702 0.2696232779 0.1618429793 0.0805634872 0.0538038837 0.1892582017
0 0.0404484911 0.2415442366 0.2797973165 0.0405366996 0.1597945722 0.2378786839
0 0.0803172215 0.3600307881 0.1200563872 0.2411073347 0.078821057 0.1196672115
0 0.2148453956 0.1770344782 0.0724763857 0.1435485532 0.1418260454 0.2502691418
0 0.2381373892 0.1429300968 0.2372011473 0.0948242844 0.0959222409 0.1909848414
0 0.1531445268 0.1152581858 0.0388636072 0.2680473431 0.2702980168 0.1543883202
0 0.0301425742 0.0924869095 0.1827969642 0.2705085211 0.15017356 0.273891471
0 0.1891298579 0.2158508833 0.1608247091 0.2695180888 0.0273241181 0.1373523428
0 0.2689603169 0.161648739 0.0551275529 0.0547278145 0.1908841486 0.2686514282
0 0.1751655288 0.1249028367 0.174631716 0.2264302906 0.0484552206 0.2504144073
0 0.1920756483 0.1923054824 0.07802868 0.1559014012 0.3046286948 0.0770600934
0 0.0604401051 0.0299928962 0.3019527184 0.274280947 0.2126431085 0.1206902248
0 0.03066577 0.272591027 0.0905946777 0.3036314728 0.2725525987 0.0299644538
0 0.1036085316 0.3453005068 0.1392562381 0.206630666 0.034571186 0.1706328715
0 0.2209173499 0.1115850506 0.1492632395 0.1119635867 0.2592325873 0.147038186
0 0.2067308657 0.2755943425 0.0343264119 0.1724044538 0.1051559835 0.2057879426
0 0.176324606 0.1992612177 0.1482623345 0.2514150448 0.0499584793 0.1747783176
0 0.1797253484 0.2291589029 0.0512316464 0.2289446225 0.1282421555 0.1826973243
0 0.0574694587 0.2854621398 0.1716044135 0.0292291201 0.1981259356 0.2581089323
0 0.1195012516 0.0294809427 0.2356208379 0.2344023048 0.2055353516 0.1754593114
0 0.2500924084 0.1115061694 0.0554890606 0.1950169855 0.1927815817 0.1951137944
0 0.0868869482 0.2014708135 0.1691180226 0.287251247 0.0567046286 0.1985683401
0 0.1441606941 0.1702329513 0.1152854321 0.142530639 0.256746617 0.1710436665
0 0.1619938597 0.1642916449 0.1153816448 0.1611732221 0.162843461 0.2343161675
0 0.0768767773 0.3066260751 0.0383555191 0.1927284147 0.0773042098 0.308109004
0 0.2056237146 0.1763793348 0.0300776541 0.1765034395 0.2345223743 0.1768934827
0 0.0993500821 0.2908022694 0.1938809796 0.0959708929 0.0951260956 0.2248696804
